19830126
19830127
19830124
19830125
19830122
19830123
19830120
19830121
liu123456
19830128
19830129
74185296
tianfeng
201201201
aaaaaaa1
1357913579
imissyou
m123456789
haha123456
aaaaaaaa
womendeai
45683968
123456456
ly123456
19840608
19840609
19840601
19840602
19840603
19840604
19840605
19840606
19840607
1314520520
19851127
19851126
19851125
19851124
19851123
19851122
19851121
19851120
19851129
19851128
12345asdfg
5201314qq
20092009
19880330
19880331
54545454
321654987
zhangpeng
77778888
iloveyou
456852456852
wangfeng
23456789
52111314
tinglove
WANGHUAN
a123a123
passport
love1234
12345654321
thinkpad
k123456789
wanglong
ch123456
ss123456
123asd123
qweasdzxc
yangbing
19870809
yongheng
456789123
qqqqqqqq
12300000
127127127
19830609
19830608
19830607
19830606
19830605
19830604
19830603
19830602
19830601
123123123
whbs2234
19900209
19900208
19900207
19900206
19900205
19900203
19900202
19900201
asd123asd
welcome1
x1234567
136136136
a0000000
123456789000
jianglei
007008009
2010comer
19811011
19811026
19811027
19811024
19811025
19811022
19811023
19811020
19811021
7758521a
19811028
19811029
kkkkkkkk
xiaoming
support123
456123123
65656565
2582525775
77585211
77585210
19850421
19850420
19850423
19850422
19850425
7758521.
19850427
19850426
lilylily
19850428
dldldldl
asdfg12345
619030475
basketball
xiaoqiang
01478963
520090025hgb
f19841205
00112233
24242424
woxihuan
83869247
yangguang
asdfasdf
verygood
19901112
19820329
jylk1314
111111aa
11111111111
ls123456
68686868
1020304050
asdfasdfasdf
19820321
19820320
19890221
2999811983
19890220
10211021
19890227
19820324
19890225
8888888888
123456ASDF
youandme
112233445566
1qa2ws3ed
33336666
xiangxiang
asasasas
112233qq
19801229
19801228
zhan1234
19801225
19801224
19801226
19801221
19801220
19801223
QIANQIAN
19820408
19820409
19820404
19820405
19820406
19820407
19820401
19820402
19820403
zxcvbnmasd
06060606
windows2000
316316316
68973435779
*********
lz123456
miaomiao
mm5201314
124124124
nishizhu
comeonbaby
19830418
19830419
ds760206
19830412
19830410
12qwaszx
19830416
19830417
19830414
19830415
tqtwffgcc
19840628
19840629
19840626
19840627
19840624
19840625
19840622
19840623
19840620
19840621
dg123456
19851109
19851108
19851105
19851104
19851107
19851106
19851101
19851103
19851102
13142659
19880316
19880317
19860918
19860919
19880312
19880313
19880310
19880311
19860912
19860913
19860910
19860911
19860916
19860917
19880318
19860915
qq123456789
s5201314
12231223
918918918
123321123
diandian
c120696363520
87651234
mima1234
11259375
5200251314
123000000
a123b123
OOOO0000
5201314.
19901990
131421131421
52013148
52013140
52013141
52013144
52013145
19830625
19830624
19830627
19830626
19830621
19830620
19830623
19830622
Jfew3289
19830629
19830628
sleigh1368
66079350
19861114
19840107
19840106
19840105
19840104
19840103
19840102
19840101
5201314a
19900228
19840109
19840108
520fagnsg
5841314521
5841314520
passw0rd
5201314q
woaini99
5201314aa
amuqdedwft
love123456
112233445
19800216
19850623
19850622
19850621
19850620
19850627
19850626
19850625
19850624
123qwe123qwe
19850629
19850628
335201314
123456zzz
19820105
xiaozhang
19861986
07231564
q1w2e3r4t5
nuttertools
ericsson
lvfeididi
zhangming
85208520
19831028
19831029
19831020
19831021
19831022
19831023
19831024
19831025
19831026
19831027
12345678abc
gg123456
lk123456
l123l456
12351235
8630516boss
123454321
maenbin1234
likelike
zhaojian
19900811
19890415
0.0.0.0.
19900818
19791120
12345678.
123456781
123456780
123456789
123456788
19890411
12345678@
asdfqwer
789456123
118118118
wangchen
12345678W
19860112
19860113
19860110
19860111
19860116
19860117
19860114
19860115
19860118
19860119
12345678q
19801029
19801028
lixiaolong
19801026
19801025
12345678z
19801023
19801022
19801021
19801020
tongtong
19891231
19840517
19820930
19820423
19890126
19890127
19890120
19820427
19890122
19890123
12341234
19820428
19820429
19890128
19890129
zhangjian
19840820
19840821
19840822
19840823
19840824
19840825
19840826
19840827
19840828
19840829
nihao123!
dfdfdfdf
19851025
12340987
qwert123
999888777
lalalala
taotaotao
windowsxp
21345678
158158158
852852852
ffflufei
chen1234
abc12345
110120110120
11qqaazz
2269439999
0000....
254044375
wangwang
545007273
19870218
19870219
19870214
19870215
19870216
19870217
19870210
19870211
19870212
19870213
19870331
19880210
19811981
19880217
19880216
123qazWSX
aaaaaaaaaa
y12345678
aa000000
CZ123456
woaijing
13579000
a89400ab
xiaopeng
lb851210
feifeifei
132465798
internet
asdf123456
hibernate
qa123456
10241024
19870409
19890719
thankyou
19890717
19890716
19890715
19890714
19890713
19890712
19890711
19890710
www.csdn.net
25252525
19870401
12211221
19880923
0.123456
trustno1
19870402
19870405
198712821
19880924
mima123456
19870407
19870406
5211314521
t12345678
admin369
xiaomeng
19810919
19810918
19810915
19810914
19810917
19810916
19810911
19810910
19810912
19820219
19820218
qwerasdf
19820215
19820214
19820217
19820216
19820211
19820210
19820213
19820212
19850609
19850608
sssssssss
19850601
19850603
19850602
19850605
19850604
19850607
19850606
19840129
19840128
19840125
19840124
19840127
19840126
19840121
19840120
19840123
19840122
butterfly
19830209
19830208
19830203
19830202
19830201
19830207
19830206
19830205
19830204
www.163.com
123456zxc
asdasdasd
123456wang
sky123456
19890829
18181818
aa123456789
19881104
19881105
19881106
19881107
19881101
19881102
19881103
19881108
19881109
741258963
goodluck
zhanghua
19831008
19831009
19831006
19831007
19831004
19831005
19831002
19831003
19831001
16899168
201314201314
zaqwsxZXC
ainiyiwannian
521125521125
t123456789
55667788
1z2x3c4v
19801005
19801007
seoshiyan
19801003
19801009
19801008
123456**
12301230
560111aa
nihaogxfc
19820916
19820917
19820914
19820915
19820912
19820913
19820910
19820911
19820918
19820919
19840806
19840807
19840804
19840805
19840802
19840803
19840801
19840808
19840809
12345687
12345689
12345688
19830427
19860530
hao456250
369874125
bakhn524d
19810217
19810214
19890109
cj7152821
19810213
19890102
19890103
19890101
19890106
19890107
19890104
19890105
wwwcsdnnet
ilovethisgame
13145211314521
19860724
19850814
19850815
19850816
19850817
19850810
19850811
19850812
19850813
xiaohong
19850818
19850819
45454545
520123456
liuzheng
kingkong
19880420
19880421
19880422
19880423
19880424
19880425
19880426
19880427
19880428
19880429
yyyyyyyy
MOTOROLA
xiaojiang
123456asd
zaq1xsw2
52331314
19970701
1111111111
1234rewq
zxcvbn123
211211211
zhangfan
xixihaha
19900718
01010101
19821982
handsome
wangjian
l12345678
135781012
ma123456
85602222
123456789qaz
19870829
19870828
19870827
19870826
19870825
19870824
19870823
19870822
19870821
19870820
19860703
19860702
19860701
19860707
19860706
19860705
19860704
19860709
19860708
13654006821
jiangjiang
Sina.com
19840329
19840328
19840327
19840326
19840325
19840324
19840323
19840322
19840321
19840320
20100101
411192710
jiangbin
3366994qaz
cheng123
zxc123zxc
dingding
aaabcabc
zhang123
19830221
19830220
19830223
19830222
19830225
19830224
19830227
19830226
80808080
19830228
12344321
helloworld
21876346a
19881128
25897758
19881122
19881123
19881120
19881121
19881126
19881127
19881124
19881125
19881130
122122122
951753852
makelove
wangzheng
woaiwolaopo
shevchenko
19900624
mimacuowu
19901101
zhangzhang
woshishen
z1x2c3v4
woshishei
19790315
12365412
123456li
123ABCDE
19800405
wangxiang
135246789
770880520
zxczxczxc
p123456789
linrk520
10181018
t1234567
beautiful
xz123456
963852741
zhendeaini
19850424
woaiwoziji
19850429
zxcvbnmas
19861130
19860518
19860519
19860516
19860517
19860514
chen123456
19860512
19860513
19860510
19860511
pok29q6666
xiaoping
20090101
19791108
19791109
19791104
19791105
19791101
19791102
justsoso
00000000000000000000
555555555
qqqqqqqqqqqqqqqqqqqq
qweasd123
20002000
123123aa
19880326
abc5201314
19871987
70701111
lc123456
87878787
operation
woshiren
z0000000
kissalan
nihaihaoma
52100000
19880406
19880407
19880404
19880405
19880402
19880403
12345qwe
19880401
19880408
19880409
xingkong
yy5201314
1237890o0
630158513
h12345678
1234567890-=
qqqqqq11
1234567890a
wsw800168
zhangqiang
1qazxsw23edc
m1234567
x123456789
aaaaaa11
xiaoxiong
1234567890.
12345678900
11251125
1qaz!QAZ
74511940
123123aaa
zxcv123456
aaa123123
19870618
19870619
19870610
19870611
19870612
19870613
19870614
19870615
19870616
19870617
98989898
microsoft
as123456789
feng19831
19870805
19870804
19870807
19870806
19870801
19870803
19870802
19860721
19860720
19860723
19860722
19860725
19870808
19860727
19860726
huanghui
frenzy673954
198198198
159753456
huanghua
FANGFANG
16888888
19840305
19840304
19840307
beijing2008
19840301
19840303
19840302
19840309
19840308
19890319
19890318
cai123456
19890313
19890312
19890311
19890310
19890317
19890316
19890315
19890314
19820707
19820705
19820704
19820703
19820702
19820701
19820709
19820708
19850130
5845211314
wushuang
javascript
11011101
27182818
52771314
zhangxin
7215217758
19821012
111111111111
12369874
55665566
88889999
19821016
214214214
131452000
XiaoWang
wq123456
19850703
champion
jianghao
0147258369
qwe123123
z123123123
qazwsxedcrfv
19900707
19841101
12365478
19841102
w5201314
19841103
80238023
19850921
19890403
19850922
19841105
19850923
19841106
19850924
1314521521
19841108
19850926
100000000
19850927
19901110
19901111
sz123456
987456123
19901115
19901117
wangqian
aidejiushini
19840503
`1234567
19840501
wen123456
19850115
hld_1209
qingsong
wang4040955
1010101010
19861111
19861110
19861113
19861112
19861115
Q123123123
19861117
19861116
19861119
19861118
qwerty123
321456987
yangcheng
aa12345678
1234567809
19810521
19810527
19810528
qazwsxedc
ww123456
19890414
19791123
19890416
19890417
19890410
19791127
19890412
19890413
19791128
19890418
19890419
19840510
19840511
19840512
19840513
19840514
19840515
19840516
19891230
19840518
19840519
11001100
789123456
zhangshuai
chendong
0932313521
dongdong
110120130
nopassword
19781202
0000000000
19811123
19811122
19811121
19811120
19811127
19811126
19811125
19811124
19811129
19811128
woshiyizhiyu
WOSHINIBA
19851985
hyjzstx8
chenxiao
19870306
19880227
19840704
19870304
19870305
19870302
19880223
5211314a
supervisor
showtime
19880221
789512357
qwe123asd
liang123
zxc123456789
changjiang
19880228
1qaz2wsx
19880229
caocaocao
woainiya
789654123
52113141
52113140
system32
123456654321
haohaohao
liudehua
zhangfei
33338888
asdfg123
0000aaaa
qqqqqqqqq
123123456
jack123456
19870630
abcabcabc
abc651114
weiwei520
wangjuan
654654654
19891208
xxxxxxxxx
19811115
14789632
90909090
123456qwe
qwaszx123
19891206
sl123456
19811118
19891205
19820729
19820728
19820725
19820724
19820726
19820721
19820720
19820723
19820722
19850119
19850118
19850111
19850110
19850113
19850112
98188729
19850114
19850117
19850116
confidence
zxc12345
woaini11
woaini12
abcd123456
19821230
19821231
19831208
19831209
19831204
19831205
lingfeng
19831207
19831201
19831202
19831203
19840729
19840728
zxcvbnm,./
19840723
19840722
19840721
19840720
19840726
19840725
19840724
hongkong
19781230
258258258
longlong
aspirine
520131411
520131415
happy12345
82537724
123456zz
123456zx
yangjing
19880617
19880616
19880615
19880614
19880613
19880612
19880611
19880610
19880619
19880618
19830919
19830918
19830913
19830912
19830911
19830910
19830917
19830916
19830915
19830914
ff123456
zzxxccvv
chencheng
gao123456
19901130
zzz123456
hathaway
13093313856
22221111
20082008
20082009
10161016
zhangwei
zhangwen
123456789aaa
tangtang
700629gh
woaini2008
youaifa569
baishikele
12300123
shenyang
happyday
19821003
19821002
19821001
zhangkai
21882188
19821006
19821005
19821004
19821009
19821008
19810504
a1s2d3f4g5
19890430
19841113
19841112
19841111
19841110
19841117
19841116
19841115
19841114
19841119
19841118
110110110110
wangning
fuckfuck
729729729
614614614
MINGTIAN
wangxiao
444444444
wwwwwwwww
19880824
19880825
19880826
19880827
19880820
19880821
19880822
19880823
19860220
19860221
19860222
19860223
19860224
19860225
19860226
19860227
19811109
19811108
19811101
1472583690
19811103
19811102
19811105
19811104
19811107
19811106
19891219
19891218
19891215
19891214
19891217
19891216
19891211
19891210
19891213
19891212
123321456
caonimabi
lovemyself
19850304
19850305
19850306
19850307
19850301
19850302
19850303
19850308
19850309
mmmmmmmm
111111222222
45685200
qqqq1234
qwerrewq
1Q2W3E4R5T
951ljb753
19771126
az123456
PASSWORD123
shengyulan
11111111111111
12356789
32103210
19801105
whoareyou
19900513
19900512
19900510
19900516
huanglei
gogogogo
492357816
110220330
a11223344
19870730
wobuzhidao
zhoujielun
sunsunsun
19800101
19820529
19820528
19820527
19820526
19820525
19820524
19820523
asd12345
19820521
19820520
19820221
sherlock
95279527
hhhhhhhhhh
zxasqw12
xiaotang
19830411
19821218
19821219
19821216
19821217
19821214
19821215
19821212
19821213
19821210
19821211
tttttttt
z1234567
19831222
19891009
19831220
52105210
19831226
19831227
19831224
19831225
19891001
19891002
19831229
19891004
19891005
19891006
19891007
19840701
19840703
19840702
19840705
123456888
19840707
19840706
19840709
19840708
77889900
19851220
19851221
19851222
19851223
19781211
19781210
19851226
19781212
19851228
19851229
19781218
19870923wex
zhangyan
zhangyao
Q11111111
zhangquan
135791113
hehehehe
password
windowswindows
7758521000
19830307
123456xx
shinichi
19880630
woaini123
zhoujing
XM123123
19830930
gujinbiaoaa
qazwsxqazwsx
yingxiong
54185418
software
19901030
58451201314
123000123
584211314
123456789987654321
asdfghjkl123
guoliang
qwerfdsa
asdfghjk
zaqwsx123
huanhuan
niaishui
19890630
19821029
19821028
521521521
19821021
19821020
19821023
19821022
19821025
19821024
19821027
19821026
142536789
rootroot
23242526
19841130
123asdfg
zhaopeng
334205265
13145201314
marlboro
19900503
78787878
19870625
liuliuliu
19870624
19880808
19880809
19880802
19880803
19880801
19880806
19880807
19880804
19880805
19880315
19860208
19860209
19860206
19860207
19860204
19860205
19860202
19860203
2222222222
19860201
09308066
weblogic123
19800312
78945612
19860914
19880319
5201314789
08080808
zj123456
19850328
19850329
19850322
19850323
19850320
19850321
19850326
19850327
19850324
19850325
hello1234
133133133
lin123456
q123456789
66669999
wangliang
woshiwo123
newhappy
csdn.net
2718281828
333666999
xu123456
19781001
28845452884545
woaibabamama
sh123456
13628792658
19870724
19771105
wangcheng
csdn123456
12041204
123456111
11211121
j2mv9jyyq6
315315315
38383838
wangling
z1111111
19870715
19870714
19870717
19870716
19870711
19870710
19870713
19870712
19870719
19870718
fdsafdsa
Q12345678
81818181
DINGDANG
19820504
19820506
19820501
19820503
19820502
liuxiang
qq123321
zl123456
19871109
19871108
shenxian
19871103
19871102
19871101
1213141516
19871107
19871106
19871105
19871104
1a1a1a1a
19791208
wh123456
60729043
gertydrj
618618618
laopo520
laopo521
xingxing
zhoufeng
111111121
wangying
19810712
19810711
12111211
19821007
19810719
19891028
19891029
19891026
19891027
19891024
19891025
19891022
19891023
19891020
19891021
19851206
19851207
19851204
19851205
19851202
19851203
19851201
19851208
19851209
19881218
19881219
19881214
19881215
19881216
19881217
19881210
19881211
19881212
19881213
33333333
qingfeng
lixy12345678
96111111
184866884
abc123321
abc147258
youkofa569
123456ff
891023hh
8008208820
12300a00a
123abc123
qingqing
qwe12345
19830328
19880902
hh123456
19880901
0340412124abcd
123987456
kangkang
19901015
19901014
19901017
19901016
19901011
19901010
19901013
19901012
19901019
19901018
woshitiancai
ssssssssss
789789789
qaz12345
19880906
abcde12345
123456..
666666666
123456.0
314159314159
19890613
19890610
19890611
19890616
19890617
456456456
19890615
200401265
19890618
19890619
li123456
ilovecsdn
xm123456
xxx123456
ab123456
516516516
01234567890
fa1681688
lbjx9j11
yangchao
5845201314
30303030
abc123abc
xiaogang
19870501
19870502
19870503
19870504
19870505
19870506
19870507
19870508
19870509
512512512
10101010
1234zxcv
aa123321
19810812
19810813
19810815
19810816
19810817
314314314
19820310
19820311
19820312
19820313
19820314
19820315
19820316
19820317
19820318
19820319
daohaosima
bb123456
19850528
19850529
19850524
19850525
19850526
19850527
19850520
19850521
19850522
19850523
Abc112233
19790630
987987987
19870317
zhanglin
sunflower
547896321
zhangxiao
Lj123456
12241224
zhangting
19881027
19881026
19881025
woaiwojia
19881023
19881022
19881021
19881020
19881029
19881028
yx12345678
P@ssw0rd
12312312
12312311
sunmenga1
22222222
jiangfeng
chenchen
hx2010seo
19781026
19781025
19781022
19781023
19781021
pojaablog
19781028
66778899
27105821
songsong
pp123456
wangming
19821228
e65351656
chenzhen
19821223
11119999
d123456789
starstar
doraemon
123456789qwe
chenliang
00001107
xiaolong
POIUYTREWQ
19871121
19871120
19871123
19871122
19871125
19871124
19871127
19871126
19871129
19871128
11271127
134679258
19871028
19871029
19871024
19871025
19871026
19871027
19871020
19871021
19871022
19871023
123456...
happy2010
yang1234
jiushiwo
19831213
19831212
19830719
19830718
12332100
19830710
19830713
19830712
19830715
19830714
19830717
19830716
19841218
19841219
19791229
19791228
19841210
19791224
19841212
19841213
19841214
19791220
19841216
19841217
19900312
881125881125
zxcv1234
131415926
1a2s3d4f
wei123456
19881230
19881231
19840710
fengpeng
11111111q
jingjing
831101qsl
584131421
584131420
zhouazhou
19820129
19820128
yang123456
19820123
19820122
19820121
19820120
19820127
19820126
19820125
19820124
123456dd
111111qq
75395100
woxiangni
054821054821
19790909
45612300
qq1314520
QQ7758521
110120119
77582587758258
123456qwerty
dajiahao
14725800
135792468
menghuan
csdn1234
110120110
tongyong
wwwwwwwwww
wangmeng
chengcheng
19890809
19890808
19890803
19890802
19890801
141592653
19890806
19890805
19890804
110119120
654321654321
10203040
zhangqian
1887415157
13128255707
19900227
huanxiang
jiangshan
123581321
0123456789
33787943
zzzzxxxx
218218218
XUANXUAN
19870527
19870524
19870525
19870522
19870523
19870520
19870521
123456abc
624624624
19870528
19870529
5203344587
lmj12345
77585217758521
19850502
19850503
19850501
19850506
19850507
19850504
19850505
19850508
19850509
88888888A
19830504
19830505
19830506
19830507
19830501
19830502
19830503
19830508
0p9o8i7u
testtest
caonimade
aaaassss
19881009
19881008
123456ABCD
19881005
19881004
19881007
19881006
19881001
19881003
19881002
h1234567
lingling
19880620
27272727
19880626
jiangtao
19831107
19831106
19831105
19831104
19831103
19831102
19831101
19831109
19831108
19900104
19900105
34416912
19900101
19900102
wodezuiai
19900108
19900109
19851017
19851016
19851015
19851014
19851013
19851012
19851011
19851010
19810327
19851019
19851018
wangkang
147852369
7418529630
19870320
19880201
19880202
19880203
19870324
19870325
19880206
19880207
19870328
19880209
zhang1234
19860804
19860805
19860806
19860807
19860801
19860802
19860803
19860808
19860809
023023023
xianjian
7758521520
05962514787
chenqian
7894561230.
hhxxttxs
19801115
333333333
123789abc
19810930
c123456789
a123456a
a123456b
13800138000
20080101
a123456.
19840909
19840908
19840907
19840906
19840905
19840904
19840903
19840902
19840901
eyesonme
19901227
19901224
19901225
19901220
19901221
1234567k
1234567a
1234567b
19871002
19871003
1234567z
19871001
19871006
19871007
19871004
19871005
1234567q
19871008
19871009
tomorrow
qwerqwer
00112900
28282828
19791029
19791028
19791027
19791026
19791025
19791024
19791023
19791022
19791021
19791020
c12345678
1234567.
12345678
12345679
12345670
12345671
12345677
23232323
19791979
19841230
19841231
1q1q1q1q
2870873859
jkljkljkl
sjdf2ghjt
19820101
michelle
19820103
19820102
m12315309
19820104
19820107
19820106
19820109
19820108
123456bb
zxczxc123
professional
huahuahua
wokaonima
maomaomao
A123456789a
westlife
520131499
admintus
123456520
happyhappy
nihao123
A1234567890
66886688
abwdxwtz
19870408
zhouying
192837465
19890821
19890820
19890823
19890822
19890825
19890824
19890827
19890826
82828282
19890828
12345qwert
zhouyang
qazhuang123
zaiwa1124
19890928
19890929
19890924
19890925
19890926
19890927
19890920
19890921
19890922
19890923
314159265358
mm108428
84131421
a1234567
19801980
huangyan
zhenzhen
19880304
iamthebest
251314251314
20202020
20100000
19890218
19890219
19890216
19890217
19890214
19890215
19890212
19890213
19890210
19890211
117117117
xiaoyang
1234ASDF
369852147
123.123.
51885188
90332773
zhanglei
b12345678
551648586
321456789
zxcvbnmzxcvbnm
987412365
thinking
kingking
19830528
19830529
tzwadmin123
yangxiao
19830522
19830523
19830520
19830521
19830526
19830527
19830524
19830525
19850928
19850929
19831129
19831128
19850920
19831124
19831127
19831126
19831121
19831120
19831123
19831122
19900122
19900123
19900126
19900124
19900125
shangxin
19851031
19851030
chenchao
102102102
19880226
19870307
19860828
19860829
19880730
19870303
19880220
19870301
19860822
19860823
19860820
19860821
19860826
19860827
19870308
19860825
19830830
123456liu
22446688
319319319
123abcdef
wobuaini
aaaaa11111
410651410651
qazwsxedc123
WASDWASD
huanghao
huanghai
113113113
zhangsan
a1b2c3d4e5
ai123456
zhongnan
19840925
19840924
19840927
19840926
19840921
19840920
19840923
19840922
accpaccp
19840929
19840928
cet333333
19861014
19861015
19861016
19861017
19861010
19861011
19861012
19861013
19861018
19861019
19860630
19810116
19810119
124578369
19841030
19841031
19791001
19791008
shenzhen
abcdefghi
tblkspthkr
12332145
tt123456
08290829
wangbing
ww111111
china2008
123qweasd
qazwsxqaz
qwertyuio
3333333333
3106028011
nsnsnsns99
csdn2010
wangyonglang
weiqiang
paradise
cd123456
21212121
huangkai
846528ydt
19850713
19850712
19850711
19850710
19850717
19850716
19850715
19850714
19850719
19850718
110112119
zaq12wsx
110112113
34567890
qq000000
19888888
pppppppp
147896321
147896325
19880509
19880508
19880507
19880506
19880505
19880504
19880503
19880502
19880501
fengxiaofeng
nishishei
13709394
huanying
liuyang123
jinsheng
010203040506
xiazhili
53589793
hahahaHA
159951159
44444444
123321aaa
101101101
191154120
121121121
99887766
andyandy
nevergiveup
19890902
19890903
kkk52789
19890901
19890906
19890907
19890904
19890905
19890908
19890909
19880828
11223300
yongyuan
amp12345
159357123
46709394
19880829
42011178
jiangxin
wodecsdn
qazxsw123
hengheng
19801119
19801118
19801117
19801116
woxihuanni
19801114
19801112
19801111
19801110
888888889
888888888
19820801
19820802
19820803
19820804
19820805
19820806
19820807
19820808
19820809
000000..
19880110
20052005
wz123456
a1a1a1a1
1qaz2wsx3edc
wangsheng
chengang
goodmorning
admin888
12345678a
19880716
baidu1599
tsinghua
tang123456
19871213
19871212
19871211
19871210
19871217
19871216
19871215
19871214
19871219
19871218
19810301
19810304
19830329
19810306
19810307
19830324
19830325
19830326
19830327
19830320
19830321
19830323
77777777
52013143344
jianjian
131452100
19831206
zxcvbnm123
24681357
woainima
1314520a
wanghong
562059487
19850908
19850909
19850906
19850907
19850904
19850905
19850902
19850903
19850901
howareyou
19801027
12345678x
19801024
13145200
13145201
zz123456
1314520.
19880718
19880719
19880712
19880713
19880710
19880711
789852123
19880717
19880714
19880715
asd123456
19830818
19830819
19830816
19830817
19830814
19830815
19830812
19830813
19830810
19830811
wonderful
weblogic
123123asd
zhangcheng
xiaokang
chenjian
mingming
as123123
killer123
opendoor
xiaotian
m12345678
74747474
adgjmptw
zhuzhuzhu
xiaoxiang
liujiang
abc123abc123
163163163
foreverlove
workhard
25257758
19861030
777888999
98741236
19891008
19831223
19831221
19841016
19841017
19841014
19841015
19841012
19841013
19841010
19841011
001002003
11123456
19831228
19841018
19841019
fengfeng
19891003
zxcasdqwe
123321aa
31415926535
f12345678
951753123
alexander
88488848
123456123456
a111111111
19860619
19860618
maomao520
19860614
19860617
19860616
19860611
19860610
19860613
19860612
19890124
1236547890
19890125
19820420
19820421
qwer1234
abcde1234
19820426
19890121
19811228
19820424
wx123456
19811225
onepiece
19820425
19811220
19811221
19811222
19811223
shuishui
19781215
nclpf2p4
19851224
qazqazqaz
19850730
123321456654
19851227
19850227
19850226
19850225
5205201314
19850223
19850222
19850221
19850220
dongfang
19850228
24681012
13530023404
19880525
19880524
19880527
19880526
19880521
19880520
19880523
19880522
19880529
19880528
qazwsx11
qazwsx12
hao12345
WOSHINIMA
1q2w3e4r5t6y
19890911
guangguang
52001314
aabbccdd
86868686
qq112233
100200100
38183818
20090909
19870117
19870116
19870115
19870114
19870113
19870112
woaini521
19870110
19870119
19870118
13145201314520
hongjuan
windows98
a88888888
19801130
zh123456
0000oooo
0111424dd
123789123
abcdabcd
123123qq
99996666
ms0123456
zhangjin
woaitl520
zhangjie
518518518
asd123asd123
zhangjia
20062006
a1314521
x3561668
74108520963.
19820826
19820827
19820824
19820825
19820822
19820823
19820820
19820821
00000000
00000001
19820828
00000007
0000000.
01234567
fy123456
52013141314
19860408
19860409
19860401
19860402
19860403
19860404
19860405
19860406
19860407
19871231
0000000a
asd123123
zhangkun
19890529
19810325
19830306
19810323
19830304
19830305
19890520
19890521
19830308
19830309
19890524
19890525
19890526
19890527
19891129
19891128
19891123
liuchang
19891121
19891120
19891127
19891126
19891125
19891124
19840424
19840426
19840427
19840420
19840421
19840422
19840423
19840428
19840429
13245678
68856636
*963.*963.
963963963
wozhidao
ruanjian
wang1987
8012160713
oooooooo
19861031
523523523
1qazzaq1
65432111
88982866
1415926535
520131456
88771024
qwqwqwqw
goodgood
zzzzzzzzzz
WOAIZIJI
qingtian
wangqiang
qq123654
19861230
19861231
100100100
xiaochao
pengpeng
123456qaz
zhouzhou
p0o9i8u7
19861025
mengxiang
12151215
11111112
jfjscy8767
01230123
download
xiaoyuer
admin123456
1111111q
12345612
hellohello
12345611
1111111a
javazfj1jie
zxcvbnmasdfghjkl
19870919
19870918
19870917
19870916
19870915
19870914
19870913
19870912
19870911
19870910
wodeshijie
zy123456
dgdg7234322
........
19811202
19811203
19811201
19811206
19811207
19811204
19811205
qkvpoia569
19811208
19811209
asd123456789
huangtao
19840219
19840218
19840217
19840216
19840215
19840214
19840213
19840212
19840211
19840210
123456ly
19820611
19820610
19820613
19820612
19820615
19820614
19820617
19820616
19820619
19820618
mengmeng
19850209
19850208
19850205
19850204
19850207
19850206
19850201
19850203
19850202
116116116
cj123456
qq7758258
lr1028829
jjjjjjjj
csdnmima
XIONGWEI
aaa123456
123abcabc
310310310
19781123
19781122
19781121
19781120
22223333
19781126
woaimama
19781128
1234560123
chenqiang
he123456
qkvmlia569
bai18dudu
kxtn888cn
chenpeng
wiiisa222
31496081
wltg2010
1212121212
20070101
19880109
19880108
19880103
19880102
19880101
19880107
19880106
19880105
19880104
f123456789
q1q2q3q4
95959595
45678900
112112112
19880224
explorer
1234554321
19880225
qqqaaazzz
20102010
zhaoming
19860615
19880222
123456TT
741236985
princess
741852963
JI394SU3
wc625799
qw123456
19860428
19860429
19860426
19860427
19860424
19860425
19860422
19860423
12593000
19860421
12345abc
19810618
19810619
19821130
19810610
19810617
qazwsx123456
jackjack
19890508
19890509
19890506
19890507
19890504
19890505
19890502
19890503
19890501
19891101
19840408
19840409
19891105
19891104
19891107
19891106
19891109
19840403
19840401
19840407
19840404
19840405
kk123456
zhang123456
123123qwe
jiangwei
131420131420
rrrrrrrr
19811229
69696969
19811224
zhangzhi
26511314
19811226
19811227
admin12345
buzhidao
xiao123456
19860322
19850418
19850419
wangbadan
19850410
19850411
19850412
19850413
1305821983
19850415
19850416
19850417
df000000
chinaren
123456ww
zhanghao
12171217
5845213344
woaimeinv
a123123a
computer
wangping
gggggggg
19861213
19861210
19861211
19861216
19861217
19861214
19861215
19861218
19861219
541881452
long123456
qwertasdfg
QQ1234567
linlinlin
asdfghjkl;
19801214
19801215
19801216
19801217
19801210
19801211
19801212
19801213
19801218
19801219
19810425
20022002
159753123
67676767
123qwe123
19870423
19870422
19870421
19870420
19870427
19870426
19880905
19870424
19870429
19880908
19860307
19860306
19860305
19860304
19860303
19860302
ad123456
19860309
19860308
1234aaaa
19850224
19830113
19830112
19830111
19830110
19830117
19830116
19830115
19830114
19830119
19830118
chinachina
123456jj
huang123456
zhangyong
110110110
19880323
19850911
012520wadll
abcdefghijklmn
woainimama
19781101
19781104
74108520
19851130
19850925
10293847
20092010
5555555555
woaibaobao
yueyue521
maidoumaidou
csdncsdn
19880121
19880120
19880123
19880122
19880125
19880124
19880127
19880126
19880129
19880128
zhanghong
chenglong
t839k241
25802580
abcdef123456
zhangjun
19491001abc
china123
19880705
showmethemoney
jiushiaini
chenfeng
19880205
19821119
19821118
zc123456
19821114
19821117
19821116
19821111
19821110
19821113
19821112
dddddddddd
19830618
19830619
19830614
19830615
19830616
19830617
19830610
19830611
19830612
19830613
llllllll
19900218
19900219
19900214
19900215
19900216
19900217
19900210
19900211
19900213
zhanshen
qwer12345
22334455
kisskiss
19811013
19811012
a7758521
19811010
19811017
19811016
19811015
19811014
19811019
19811018
1111qqqq
852741963
lavender
12347890
asdf1234
77585200
19491001
abcd12345
30798764681
19821201
320320320
001001001
justlike
a1a2a3a4
songjian
iloveyou1314
ok123456
456852456
asdasd123
19810705
66700388
19830723
zxc123123
19810701
16881688
546546546
wangqing
19890718
qq111111
cn835312
26262626
00001234
03030303
panasonic
123qwe456
azsxdcfv
19880929
19880928
19880921
19880920
19870403
19880922
19880925
19870404
19880927
19880926
19860329
19860328
19860325
19860324
19860327
19860326
19860321
19860320
19860323
eladnbin1104
12191219
19801230
19801231
008008008
123321123321
zzzzzzzzz
123654123654
19890130
19790822
zhengwei
88886666
19830426
19830425
19830424
19830423
19830422
19830421
19830420
1a2b3c4d
19830429
19830428
jianghua
lililili
jianghui
149162536
iiiiiiii
huangwei
99990000
3216732167
wangcong
19830130
19840619
19840618
19790318
19840613
19840612
19840611
19840610
19840617
19840616
19840615
19840614
19851118
19851119
woaini110
woaini111
19851112
19851113
19851110
19851111
19851116
19851117
19851114
19851115
redapple
abcde123
jia123456
19771027
19771020
1234567890123
19880322
19880321
19880320
19880327
www123456
19880325
19880324
qazwsx1234
13324016206
19880329
19880328
19860927
19860926
19860925
19860924
19860923
19860922
19860921
19860920
19860929
19860928
zhangdong
yangyong
showmethe
z12345678
2012comeer
weiyu371
19870111
woaini520
woainilaopo
159357159357
juanjuan
87654321
zhangliang
wowowowo
wangting
000000001
000000000
60200946
1346798520
00000000a
aaa12345
wangyong
woshinidaye
187222455
33445566
1122334455
123654123
19760620
04020323
19840114
19840115
19840116
19840117
19840110
19840111
19840112
19840113
19840118
19840119
111111aaa
584521584521
eeeeeeee
wowangle
19999999
19810924
19810925
19810926
19810927
19810920
19810921
19810922
19810923
qazqaz123
19810928
19810929
19820226
19820227
19820220
zhimakaimen
19820222
19811031
19811030
19820228
19850630
sasasasa
bingbing
12345678aa
19861022
11231123
666888999
asd00000
123456sa
sunshine
123012301230
123456pp
123456ss
43420024
huaihuai
zhang1988
zhang1987
zhang1986
gonzo1982
ffffffff
zhao123456
liujianliu
test1234
gaoxiang
wingzero
668668668
56781234
mac123456
19900824
19900820
167669123
lxsz60652
wojiushiwo
wang123456
yangming
123123321
19810416
19860129
19860128
19860127
19860126
19860125
19860124
19860123
19860122
19860121
19860120
cy123456
dadadada
woshinidie
qwert12345
00998877
44448888
16897188
19820419
19820418
19820417
19820416
19820415
19820414
19820413
19820412
19820411
19820410
123456789@
123456789x
123456789z
123456789q
123456789p
123456789s
123456789w
123456789m
123456789l
123456789o
123456789a
123456789b
a1314520
19841984
feixiang
xiaobing
1234567899
1234567891
1234567890
1234567895
123456789+
123456789*
123456789.
123456789!
36363636
jin123456
369369369
zhou123456
826826826
asdfgasdfg
19830408
19830405
19830404
19830407
19830406
19830401
19830402
123456mm
lu123456
asd147258
775852100
qiujingni
wd123456
19820829
178678789
1qaz1qaz
584201314
19880309
19880308
19880301
19880303
19880302
19880305
ddddddddd
19880307
19880306
19860909
19860908
19860905
19860904
19860907
19860906
19860901
19860903
19860902
11201120
123456www
Romantic
langlang
xiaojian
youloveme
176219444
987456321
xinxinxin
123456789987
pass@word1
07742216
niaiwoma
jingling
11235813
yy123456
lovelove
ms0083jxj
20080808
ht123456
l1234567
aassddff
3135134162
okokokok
y1234567
xiaodong
a1b2c3d4
zaglylc369
jianfeng
qunimade
xinxin13d
19890708
19890709
19890704
19890705
19890706
19890707
19890701
19890702
19890703
24682468
175638080
45874587
326326326
evangelion
huanghuang
20042004
vvvvvvvv
55556666
19871230
20042008
bugaosuni
tiantian
00123456
zxcvb123
007007007
19810909
icandoit
19810902
19810901
wl123456
19810905
19820208
19820209
linxing7778
19820202
19820203
19820201
19820206
19820207
19820204
19820205
19850616
19850617
19850614
19850615
19850612
19850613
19850610
19850611
19840130
19840131
19850618
19850619
19830218
19830219
19830210
19830211
19830212
19830213
19830214
19830215
19830216
19830217
ac123456
19830302
as123456
777777777
19830303
19830301
baobao520
asdf12345
52101314
19810320
123456qq
123abc123abc
123456qw
qq12345678
apple123
19890522
my123456
19890523
00008888
19800916
wsadwsad
569874123
aceracer
19831031
19831030
ty123456
78951230
19891122
xiaopang
cyq721225
lb123456
aiwosuoai
1q2w3e4r
19900801
456123456123
xiaoqing
zaq12345
123456798
19820505
ddzj39cd9
woaiwodejia
19860105
19860104
19860107
19860106
19860101
19860103
19860102
dddddddd
963258741
19860109
19860108
19801012
19801013
19801010
19801011
19801016
19801017
19801014
19801015
19801018
19801019
yangling
19820508
jasajasa
s12345678
chenming
5201314159
slamdunk
130130130
159258357
19820923
19820922
19820921
19820920
19820927
19820926
19820925
19820924
question
19820929
19820928
cndkervip
12345698
12345699
88888888
12345abcde
04230423
159753159753
wangzhen
aaaqqq123
112358112358
998998998
19810221
7758258123
19810228
7410852963
ASDFZXCV
huangjing
QAZ123456789
sw123456
198019803014166
wocaonima
19860228
19870209
19870208
19870207
19870206
19870205
19870204
19870203
19870202
19870201
a77493618
ZHANGHUI
wy123456
index0088
000111222
xiaoxiao
worinima
AAASSSDDD
9999999999
anainima
gameover
19890722
19890723
19890720
19890721
19890726
19890727
19890724
19890725
19890728
19890729
xiaoguang
zhangchen
syncmaster
13579246810
126126126
84423196
LOVEFOREVER
7215217758991
00000000000
301415926
abc123456789
19870830
19870831
19860710
19860711
19860712
19860713
19860714
19860715
19860716
19860717
19860718
19860719
1357924680
135790135790
woainiaa
xiaoyong
19891989
19801001
51201314
tc123456
32323232
yingying
hello123
lp123456
123456789..
dangyuan
79797979
weblogic123456
xingaixing
0o0o0o0o
yu123456
qqq11111
kobebryant
YC123456
19881117
19881116
19881115
19881114
19881113
19881112
19881111
19881110
321321321
19881119
19881118
whosyourdaddy
christina
1233211234567
lightning
a1111111
74107410
5201314abc
213213213
19831011
19831010
19831013
19831012
19831015
19831014
19831017
19831016
19831019
19831018
lz11180607
lw123456
4444444444
zhao1234
fksdde7039
96969696
zhongguoren
3141592654
3141592653
huangjun
hj123456
zhangjing
einstein
xxwwan1314
qweqweqwe
qq5201314
liu5201314
134679852
12481632
99819981
19840819
19840818
19840811
19840810
19840813
19840812
19840815
19840814
19840817
19840816
AAAAAAAAAAAAAAAAAAAA
502502502
19861128
19861129
19861120
19861121
19861122
19861123
19861124
19861125
19861126
19861127
19860529
19860528
19860523
19860522
19860521
19860520
19860527
19860526
19860525
19860524
asdffdsa
zq123456
19810201
19810203
19810202
jiangjun
19810206
19820909
19820908
19890119
19890118
jordan23
19890115
19890114
19820903
19820902
19820905
19820904
19820907
19820906
han123456
325325325
15935700
qazxswedc
19850807
19850806
19850805
19850804
19850803
19850802
19850801
s123456789
19850809
19850808
qasdfrghy1
85411165
99998888
10261026
731731731
5213713752
1h2h2h3h4h
lv80066368
19870225
19870224
19870227
19870226
19870221
19870220
19870223
19870222
19870228
qwertyuiop
19870123
19870120
19870121
10002000
jiarenqb
19880115
19870124
19870125
89080620084
xiang123
8866810635956388
cao123456
159159159
123123abc
Hellokitty
12345678910
159357456
0147896325
mamawoaini
13456789
2582587758
06124308030
caonima1
qazwsxed
abcdefghijk
jiaojiao
yangning
a147258369
19870812
19870813
19870810
19870811
19870816
19870817
19870814
19870815
19870818
19870819
19871271987
a520520aa
w12345678
19890108
19840312
96321478
19840310
19840311
19840316
19840317
19840314
19840315
19810212
19840318
19840319
19890308
19890309
19890301
19890302
19890303
19890304
19890305
19890306
19890307
19820714
19820715
19820716
19820717
19820710
19820711
19820712
19820713
123698741
zaqwsxcde
123698745
19820719
299792458
19850121
19850122
0987654321
19850124
19850125
19850126
19850127
19850128
19850129
wo123456
zhangzhen
qwerasdfzxcv
13141314
19810219
xiaoliang
qiangqiang
zzzz1111
753951753951
woaini1314
haha1234
zhangfeng
1314520123
11111111
yangqing
ws123456
passpass
5201314..
19870126
happyboy
FAN123456
lovejing
1234abcd
songguang
12365400
FANG123456
qq520520
liangliang
shuijing
123456789abc
tingting
521125521
qwertyuiop123
1234567abc
19761976
guaiguai
nihaonihao
a123456789
790297648
jiejiejie
sx123456
194983521
147369258
14141414
asd123321
qaz123wsx
mypassword
19861108
19861109
19861106
19861107
19861104
19861105
19861102
19861103
19861101
19860501
19860503
19860502
19860505
19860504
19860507
19860506
19860509
19860508
nicholas
12311231
xiaozhuzhu
33334444
17051974
4294967296
19791119
19791111
19891224
19891225
19891226
19891227
19891220
19891221
19891222
19891223
19891228
19891229
123QWERT
zhaozhao
z1231231
sb987654321
zxcvzxcv
nishishui
61616161
h123456789
Woailaopo
19811130
aaaabbbb
7758258520
456123789
xy123456
111222333
2wsx3edc
19850829
19850828
19850825
19850824
19850827
19850826
19850821
19850820
19850823
19850822
123456789999
zhangtao
19971997
19880419
19880418
19880411
19880410
19880413
19880412
19880415
19880414
19880417
19880416
password1
123456678
chrdwhdhxt
********
061112abc
wangjile
qaz123123
50206735020673
76543210
yesterday
646656xz7
123789456
000123456
juventus
084119084123
gjxhsgjxhs
asdfghjkl
19870609
19870608
19870603
19870602
19870601
19870607
19870606
19870605
19870604
zhangchao
112244abc
msconfig
qwaszx12
pass1234
aaaAAA111
www12345
200919ab
system123
cocacola
CHOCOLATE
13149286ab
google250
19890328
19890329
19890326
19890327
19890324
19890325
19890322
19890323
19890320
19890321
96385274
19850106
19850107
19850104
19850105
19850102
19850103
19850101
19850108
19850109
shanshan
zhangbing
AAA111111
77582580
c1234567
132132132
77582588
19810627
19810626
15975300
19810624
19830311
53231323
19890612
19810621
7758258a
19830312
19840730
19781228
19890614
19781224
19781225
19781226
xiaofang
19781220
19781221
19781223
6668881204511
zhangheng
520131400
dg123456789
quanquan
168168168
5i5i5i5i
19880604
19880605
19880606
19880607
19900711
19880601
19880602
19880603
19880608
19880609
w123456789
19830908
19830909
8975789757
19830901
19830902
19830903
19830904
19830905
19830906
19830907
123456lj
123abc456
19860824
123456ll
ddzj39cb3
huangjin
huangjie
52005200
19901102
123321qq
19901105
ingtake1
xxxxxxxx
120120120
zhoujian
13143344
896352639
hu123456
aaaaaa5061313
800800800
12131415
203203203
311311311
19821010
19821011
54181452
19821013
19821014
19821015
wangsong
19821017
19821018
19821019
fishfish
poiuytre
19890407
19890406
19890405
19890404
19841104
19890402
19890401
19841107
wodeweilai
19841109
jiangjie
19890409
19890408
123321qwe
19840502
1r2t3y4u
19840507
19840506
19840505
19840504
zero696295
19840509
19840508
qwe123qwe123
CAONIMA123
xx123456
12345asd
caonimama
chenying
123456qwer
11221122
19811116
19811117
19811114
19891209
19811112
19811113
19811110
19811111
19891202
19891203
19891201
woainiwoaini
19891207
19891204
19811119
qingshan
zaq123456
19790916
63636363
13572468
52000000
z3261678
tiantang
wangyang
ybnkoia569
aa5201314
qq0000000
10191019
16899052
xiao1234
chaochao
sd123456
asdf4321
10251025
123qaz123
123456123
123456654
1234qwer
programmer
19870621
19870620
19870623
19870622
19900504
19900505
19870627
19870626
19870629
19870628
221221221
19870728
19870729
pingping
19870725
19870726
19870727
19870720
19870721
19870722
19870723
s1234567
123654987
abcdefg123
19820530
wiii2ds1
huangxin
jianqiao
9638527410
13801001020
12342234
woshi007
a7758258
woaini00
zhaofeng
songyang
111111111
5845131421
19821229
111111112
5845131420
74123698
19821222
19821221
19821220
19821227
19821226
19821225
19821224
78963214
nihaoma123
123456yy
19831219
19831218
19831217
19831216
19831215
19831214
000000000000
jianqiang
19831211
19831210
19840718
logitech
19840716
19840717
19840714
19840715
19840712
19840713
li7xi9bgn
19840711
3714261985
19781203
11121314
aini1314
11111111a
197912wsr
19810720
16899199
19810721
jing006010
a00000000
shuangshuang
wodemeng
19880628
19880629
19880622
19880623
www.baidu.com
19880621
samleiming
19880627
19880624
19880625
19830928
19830929
19830926
19830927
19830924
19830925
19830922
19830923
19830920
19830921
52525252
zhangXIANG
250250250
wohenhao
ZXCVBNMMNBVCXZ
19781978
19901120
19901123
19901122
19901125
19901124
19901127
19901126
19901129
19901128
icecream
000000123
hao123.com
55555555
20032003
yh123456
19901028
19901029
19901024
19901025
19901026
19901027
19901020
19901021
19901022
19901023
19900306
123a123a
19900307
123456abcdef
52113141314
19900301
aaabbbccc
zhangying
shenjian
lx123456
456852852
sa123456
zhangyang
a5211314
azxcvbnm
19821030
19821031
19810510
napoleon
19890429
19890428
19890425
19890427
19890426
19890421
19890420
19890423
19890422
19841126
19841127
19841124
19841125
19841122
19841123
19841120
19841121
19841128
19841129
password888
chenxing
zw123456
suzhou@562718
37213721
19880831
19880830
zxcvbnml
19881208
zhu123456
99999999
19881204
123456789aa
19840529
19840528
19840521
19840520
19840523
19840522
19840525
19840524
19840527
19840526
wodemingzi
happy520
q00000000
19870131
rifhv123456
19870130
19850317
19850316
19850315
19850314
19850313
19850312
19850311
19850310
11241124
19850319
19850318
honghong
19990125
11110000
qwer123456
11223344
19881024
wodemima
q5201314
abc123123
123123..
chenyang
y123456789
qq5211314
hao123456
jiangyan
weishenme
19900415
success777
19900526
19900525
19900523
19900520
1230456789
19870309
asdfgh123
a123123123
19870702
19870703
19870701
19870706
19870707
19870704
19870705
12021202
19870708
19870709
51888888
zhanghan
dangerous
01233210
19820512
19820510
19820516
19820517
19820514
19820515
19820518
19820519
19871118
19871119
19871110
19871111
19871112
19871113
19871114
19871115
19871116
19871117
15890193764
19791214
19791217
19791212
19791213
19791218
19820901
zoo-1573
19890117
56565656
19890116
xiaofeng
19890111
19890110
19890113
19890112
1111122222
123456789123
66667777
cisco123
15151515
19821203
19821202
19821205
19821204
19821207
19821206
19821209
19821208
123456xyz
19830720
19830721
19830722
19810707
19830724
19830725
19830726
19830727
19830728
19830729
wodeai123
19891019
19891018
19831231
19831230
19891013
19891012
19891011
19891010
19891017
19891016
19891015
19891014
19900320
19900321
dirdirdir
woshishuaige
19900329
daydayup
19851231
19851230
huiyuanai
112233aa
w4cuvji2
LUO123456
jason123
liaoliao
huyunqiao
584334421
cc123456
ABCabc123
guoguoguo
wodedipan
aa123456
0102030405
loveyou1314
flyinsky
jiandanai
2876180com
19851225
52013145201314
19901002
19901003
19901001
19901008
789987789
1111aaaa
3.1415926
baobao521
19890629
19890628
19890627
19890626
19890625
19890624
19890623
19890622
19890621
19890620
tianlong
0054444944
lxqqqqqq
19781112
qawsedrf
1234512345
jb85811510
19880819
19880818
19880815
19880814
19880817
19880816
19880811
19880810
19880813
19880812
19860211
19860210
19860213
19860212
19860215
19860214
19860217
19860216
19860219
19860218
maomao123
10111011
sxg007007
xiaobudian
1234560.
wwwyhjd198cn
zhang521
zhang520
wwwwwwww
shuaishuai
shenlong
lovecsdn
zhangrui
aaaaaa123
z11111111
19850330
jiangnan
19870922
19870923
19870920
mrf11277215
19870921
19881030
19881031
19870926
19880915
19880916
25251325
19870925
baobei520
baobei521
huanjue321
12312300
753951456
19881129
HY123456
55558888
19860314
1593572468
19781012
19781011
19781010
19781015
318318318
19781018
ssssssss
1223334444
wang1986
ddzj49nb3
wangdong
kongkong
fy641213
123456789123456789
000000aa
999999999
19890815
wang1989
20000000
9876543211
9876543210
mimamima
222222222
19860420
987654321a
yangyang
q1q1q1q1
12101210
521521521521
00009999
19871130
20012001
33455432
happy2009
happy2008
viewsonic
love5201314
happy2000
sunupsun
19941128
3344556677
qwedsazxc
1985111802
20021212
19810723
zxcvbnm0
zxcvbnm1
19830706
19830707
19830704
19830705
19830702
19830703
zxcvbnm,
19830701
19830708
19830709
19891031
19891030
jiok98001
1rtj689d
zhangyuan
19851219
19851218
ilikeyou
19851211
19851210
19851213
19851212
19851215
19851214
19851217
19851216
zxcvbnmz
19800812
19881209
zxcvbnmm
19881207
19881206
19881205
zxcvbnma
19881203
19881202
19881201
shenshen
sdfsdfsdf
19890609
fengling
19891103
19891102
nnnnnnnn
19831983
20072007
xiaoying
weiwei123
19820130
20072008
19840402
19891108
885201314
adminadmin
wj123456
66666666
45612312
zhanglong
123321ww
windows123
asddsaasd
xiaojing
huang123
987654321
tianyuan
12301230123
19890818
19890819
wang1985
19890810
19890811
19890812
19890813
19890814
j123456789
19890816
19890817
zaqxswcde
19890605
19890604
19890607
19890606
19890601
19890603
19890602
19800819
19890608
qq123123
Haohaoxuexi
12345123
liwei123
19901206
16897168
wwwuploves
beckham7
jennifer
wuyongchong
19870513
19870512
19870511
19870510
19870517
19870516
19870515
yskj33333
19870519
19870518
zxcvbnm123456
5201314000
qaz123qaz
19810801
songaideng
19810808
z3255500
19820303
19820302
19820301
19820307
19820306
19820305
19820304
19820309
19820308
19283746
wangjing
19850530
7777777777
10221022
boshigangchang
a987654321
16161616
19881018
19881019
19881012
19881013
19881010
19881011
19881016
19881017
19881014
19881015
f246865h
012345678
123456@@
19831114
58585858
19831116
19831117
19831110
19831111
19831112
19831113
19790203
19831118
19831119
19851004
19851005
19851006
zhongguo
19851001
19851002
19851003
19851008
19851009
01314520
11011011
football
zzzzzzzz
qwerty12
19870514
999666333
woshinibaba
1qazxsw2
5201314584
aa123123
159357258
00001111
yangfeng
19840918
19840919
19840914
19840915
19840916
19840917
19840910
19840911
19840912
19840913
19901213
19901212
19901211
19901210
19901215
19901214
zycggytkqb
19901218
748748748
fuckyou123
ykvpoia569
abc1234567
jianglong
526526526
19871031
19871030
111111qqq
19810124
19810126
19810121
6666666666
77885210
19791030
zcwdclqscll
woaini123456
wang1234
12332112
12332111
yaho982er
19841209
19841208
147852963
123456cc
19841203
19841202
19841201
19841207
19841206
19841205
19841204
13141516
12348765
19850414
19881225
19830711
19881227
19881226
19881221
19881220
19881223
19881222
kingsoft
19881229
19881228
198710086
19820118
19820119
19820116
19820117
19820114
19820115
19820112
19820113
19820110
19820111
wangwei123
qsd34678321
123qweqwe
12345678qq
19791225
birthday
19841211
sdsdsdsd
19791226
86680101
ll123456
19841215
qwerty123456
741741741
jdheh421
520131488
14725836
1234509876
WANGXING
code8925
dearbook
iloveyou520
19900314
77585211314
kingcom5
b123456789
chouchou
09876543
abc12345678
11112222
appleapple
zf526546543
123456++
886886886
axs8873w
goo78leeg
85858585
shuchang
19870531
19870530
engineer
fengjian
748159263
19831125
q1111111
19820328
19890228
19890223
19890222
19820323
19820322
19820325
19890226
19820327
19890224
aaaaaaaaa
10011001
19850515
19850514
19850517
19850516
19850511
19850510
19850513
19850512
911911911
zmczmc12
19850519
19850518
abcdef123
19830517
19830516
19830515
19830514
19830513
19830512
19830511
19830510
19830519
19830518
qaz123456
superman
yangshuai
31313131
c3df32ea
19810828
autoexec
19810823
19810825
19810824
19810826
19861212
876543210
aa112233
xihuanni
12152205
zhuang123
7758258258
ningning
detective
12312345
19831130
10201020
19851028
19851029
19900113
jisuanji
19900110
19851022
19851023
19851020
19851021
19851026
19851027
19851024
19900118
19860515
123123123123
19880213
19880212
19880211
19870330
510406030
feng123456
19880215
19880214
19880219
19880218
19860817
19860816
19860815
19860814
19860813
19860812
19860811
19860810
19860819
19860818
1a2b3c4d5e
hangzhou
china6815
zhaoliang
123321000
35353535
asdzxc123
10231023
love1314
chenggong
84821742
superstar
wu123456
qazwsx123
123456987
woshizhu
````````
19840930
mm123456
19901230
19840313
250976046
9874563210
19860624
19860625
19860626
19860627
19860620
19860621
19860622
19860623
19860628
19860629
19871015
19871014
19871017
19871016
19871011
19871010
19871013
19871012
19871019
19871018
woshishui
19810101
qqqwwweee
19831115
a5201314
19791012
19791013
19791010
19791015
19791019
138138138
123456ab
123456aa
123456az
jinjinjin
123456as
aaaa0000
12345666
19841221
19841220
19841223
19841222
19841225
19841224
19841227
19841226
19841229
19841228
000000QQ
k12345678
11122233
19890528
xiongxiong
csdn2009
huangjian
19820718
fangyuan
19850701
19850702
19851007
19850704
19850705
19850706
19850707
19850708
19850709
19850120
javajava
aptx4869
000000aaa
lishuang
19850123
12281228
7708801314520
19880518
19880519
19880514
19880515
19880516
19880517
19880510
19880511
19880512
19880513
by7704566
31415927
31415926
66668888
yangzhen
19820422
56785678
wangshuo
1qaz@wsx
110119110
wohenaini
00724015
123456aaa
19900916
19900910
a1s2d3f4
welcome123
qq123456
123321abc
19801108
19801109
18273645
19801106
19801107
19801102
19801103
12131213
135135135
zsj201006
feifei521
12346789
77881230
211314211314
19890201
19890203
19890202
19890205
19890204
19890207
19890206
19890209
19890208
123QWEASDZXC
zhaojing
weiweiwei
q1w2e3r4
12345789
batistuta
qwertyui
admin@123
19871201
19871202
19871203
19871204
19871205
19871206
19871207
19871208
19871209
19880903
135521234
DD123456
19880907
xj123456
19870930
19870425
19880904
zhangchi
jiang123
52113145211314
19880909
19870428
19850930
13243546
123456321
chenjing
19870319
19870318
19860301
zx123456
19870311
19870310
19870313
19870312
19870315
19870314
19740302
19870316
19880727
19880726
19880725
19880724
19880723
19880722
19880721
19880720
a0123456
19860830
19880729
19880728
19830829
19830828
19830823
19830822
19830821
19830820
19830827
19830826
19830825
19830824
124578963
Aa111111
x12345678
3.1415926535
capslock
789632145
bbbbbbbb
88998899
12345ssdlh
654321abc
753951123
zhangyue
zhangyun
123456789asd
ilovechina
123zxc123
zxzxzxzx
19861007
19861006
19861005
19861004
19861003
19861002
19861001
o0o0o0o0
xiaoyu520
19861009
19861008
11111122
123654789
1231512315
clens21563sf
19841023
19841022
19841021
19841020
19841027
19841026
19841025
19841024
19841029
19841028
rongfan66
qwer4321
123456ok
zhangmin
19791125
19860608
19860609
19860602
19860603
19860601
19860606
19860607
19860604
19860605
44556677
77887788
qwertyuiop[]
19820628
19820629
312312312
19820620
19820621
19820622
19820623
19820624
19820625
19820626
19820627
1231231230
19850726
19850727
19850724
19850725
19850722
19850723
19850720
19850721
19850728
19850729
benjamin
cs123456
12340000
10121012
123654aa
LIUQIANG
19880530
19880531
w1234567
123123123a
bbscsdnnet
wozhiaini
dby123456
yangjian
zhangbin
zhangqing
zxc123456
112358132134
33221100
liangwei
Hellocsdn
yygjmy333
139139139
19890915
19890914
19890917
19890916
woshihaoren
19890910
19890913
19890912
19890919
19890918
19870104
19870105
19870106
19870107
19870101
19870102
19870103
19870108
19870109
11223311
wanggang
159357159
77587758
cccccccc
88880000
cheng428
19801122
19801123
19801120
19801121
19801126
19801127
19801124
19801125
19801128
19801129
951753951753
129129129
7758521qq
ihateyou
harrypotter
7894561230
19820813
19820812
19820811
19820810
19820817
19820816
19820815
19820814
scandisk
19820819
19820818
woshi123
19850000
147258369
58080596547
258369147
stefanie
12251225
517517517
19871226
19871227
19871224
19871225
19871222
19871223
19871220
19871221
19871228
19871229
142857142857
19810312
19810311
19810310
19810314
zhonghua
19810318
19830330
19891130
108108108
rongrong
jiajiajia
qqqqwwww
qqqqqqqqqq
19850910
19850913
19850912
19850915
19850914
19850917
19850916
19850919
19850918
520520520
210210210
liushuai
13145211
13145210
abc123456
19870526
19880709
19880708
congcong
19880704
19880707
19880706
19880701
19880703
19880702
19830801
19830803
19830805
19830804
19830807
19830806
19830809
19830808
abcd1234
51211314
5201314520
19870430
12345abcd
12345677654321
17171717
windows1
82468246
k1234567
windowss
wangshuai
1236987450
794613852
19861029
19861028
3.141592653
19861024
19861027
19861026
19861021
19861020
19861023
3.141592654
yangpeng
04200116
44332211
lilingjie1102
19810412
19841009
19841008
!QAZ2wsx
19841001
19841003
19841002
19841005
19841004
19841007
19841006
binbinbin
19820330
choupiwang
lh123456
meiyoumima
zz123123
19870908
19870909
lionking
19870904
19870905
19870906
19870907
19870901
19870902
19870903
jiangjian
jiushini
cnforyou
19811231
19811230
19840208
19840209
19840204
19840205
19840206
19840207
19840201
19840202
19840203
102030102030
1a2s3d4f5g
110119110119
19820608
19820609
19820606
19820607
19820604
19820605
19820602
19820603
19820601
19850218
19850219
cx123456
19850212
19850213
19850210
19850211
19850216
19850217
19850214
19850215
a12345678
123123000
963214785
YL123456
147147147
11118888
1029384756
shandong
yuan1234
jiubugaosuni
abc111111
305488940
09090909
chenlong
liucheng
QQQ123456
415415415
19880118
19880119
19870128
19870129
19870122
19880111
19880112
19880113
19880114
19870127
19880116
19880117
36987412
babamama
shanghai
liu12345
0.123456789
zhangping
52571314
123456789QQ
aaaa1111
yuanchao
wangfang
wiii2dsE
33123456
aaaa1234
51515151
19881224
3.14159265
1123581321
19860729
19860728
00000011
qwe123456
asdfjkl;
112233112233
CATHERINE
qiaoqiao
05413330
19860419
19860418
456852123
19860413
19860412
19860411
19860410
19860417
19860416
19860415
19860414
14159265
19821124
19821125
19821126
19821127
19821120
19821121
19821122
19821123
19821128
19821129
19830315
19830314
19830317
19830316
19810623
19830310
19830313
19810620
19820830
asdasd33
19830318
19810629
19810628
19891118
19891119
19891116
19891117
19891114
19891115
19891112
19891113
19891110
19891111
a11111111
100200100200
nishiwode
zhou1234
9632587410
justdoit
feifei123
12121212
administrator
65432100
34343434
891129aaa
qqqq1111
19191919
12349876
10020000
xiaoqian
sun123456
19861229
19861228
19861227
19861226
19861225
19861224
19861223
19861222
19861221
19861220
77585201314
369258147
314159265
12141214
123456qqq
19840306
21436587
100200300
garfield
yan123456
happy123
12345600
13919936479
Asdfghjkl;'
123456kk
19880910
19880911
19880912
19880913
19880914
19870927
19870924
19880917
19880918
19880919
19870928
19870929
abcdefgh
19860315
19860316
19860317
19860310
19860311
19860312
19860313
19860318
19860319
qweqwe123
happy1314
112233123
98765432
12031203
remember
19811215
19811214
19811217
19811216
19811211
19811210
19811213
19811212
02020202
19811219
19811218
19840222
19840223
19840220
19840221
19840226
19840227
19840224
19840225
19840228
19840229
12261226
19830101
19830102
19830103
19830104
19830105
19830106
19830107
19830108
19830109
5418854188
mlf12345
iloveyou123
gutengda
19880314
zhangnan
Password01!
7758521123
13131313
woaideren
delphi2009
guo123456
19781116
19781115
66666688
19781113
19781111
asdasdasdasd
19781118
HHHHHHHH
19771010
sunyanzi
19870321
19870322
z123456789
987654123
19870323
nnnnmmmm
123456000
19880204
12345qaz
19870326
19870327
19880208
19870329
128128128
19880130
19880131
LKJHGFDSA
l123456789
qazxcvbnm
zhaoyang
laopowoaini
wangpeng
528528528
asdqwe123
zhangning
jj123456
rilidongl
Fuyume123
19881988
shoujiqb
12346899
qqwweerr
liverpool
7758521521
qwe123qwe
555666777
19800613
kk413200
19821108
19821109
200802200802
19821102
19821103
19821101
19821106
19821107
19821104
19821105
19810609
19810606
19810601
19890511
19890510
19890513
19890512
19890515
19890514
19890517
19890516
19890519
19890518
19840419
19840418
19840415
19840414
19840417
19840416
19840411
19840410
19840413
19840412
baobaobao
1008610086
fighting
admin123
1314520QQ
q1234567
happiness
tiankong
19811001
19811002
19811003
19811004
19811005
19811006
19811007
19811008
19811009
yydq1234
xiaolang
zxcvasdf
456123456
q123456q
mhh123456
19850409
19850408
19850403
19850402
19850401
19850406
19850404
19890830
chenyong
521224727
s2j3l9v5
19861205
19861204
19861207
19861206
19861201
19861203
19861202
19861209
19861208
114114114
10000001
10000000
19821115
125125125
174292xy
cinderella
maikuraki
04061018
19801207
19801206
19801205
19801204
19801201
wangchao
19801208
simileplun
yuanyuan
qw123123
159753159
2wsxcde3
01020304
07070707
19870416
19870417
19870414
19870415
19870412
19870413
19870410
19870411
19860330
19870418
19870419
89898989
liuliang
5201314123
0123654789
Love2008
119119119
zhangmeng
wwwswcy588
wangyuan
