
0
00
000
0000
00000
000000
00000000
000111
1
11
111
1111
11111
111111
11111111
111222
12
123
123123
123321
1234
12345
123456
1234567
12345678
123456789
1234567890
123asd
123qwe
123qweasd
135246
135246789
1qaz2wsx
2
22
222
2222
22222
222222
3
33
333
3333
33333
333333
4
44
444
4444
44444
444444
5
55
555
5555
55555
555555
6
66
666
6666
66666
666666
7
77
777
7777
77777
777777
8
88
888
8888
88888
888888
88888888
9
99
999
9999
99999
999999
aaaaaa
aaaaaaaa
anonymous
asdfgh
ftp
qazwsx
qazwsxedc
qazxdr
qazxsw
qwaszx
qwe
qweasd
qwer
qwert
qwerty
qwezxc
root
user
zxcvbn
zxczxc
